20130000
20140000
2010ffff
2011ff00
200900f0
200a0000
34120000
02119824
0269a025
20130000
20140000
2010ffff
2011ff00
200900f0
200a0000
34120000
02119824
01338825
20130000
20140000
20100001
20110001
20090001
200a0000
34120000
02119820
012a4022
0269a022
20130000
20140000
20100001
20110001
20090001
200a0000
34120000
02119820
012a4022
0133a022
34120000
20130000
20140000
20100001
20110001
20090001
200a0000
22520004
8e540000
34120000
20130000
20140000
20100001
20110001
20090001
200a0000
22340004
ae54000c
8e51000c
34120000
20130000
201400ff
20100001
20110001
20090001
200a0000
22520004
ae54000c
8e52000c
34120000
20130000
20140000
20100001
20110001
20090001
200a0000
22520004
20090001
8e540000
34120000
20130000
20140000
20100001
20110001
20090001
200a0000
22340001
20090001
ae540010
8e510010
34120000
20130000
201400ff
20100001
20110001
20090001
200a0000
22520004
20090001
ae540010
8e520010
34120000
201300aa
20100055
201400ff
20110001
20090001
200a0000
02138826
12340005
34140000
34130000
34120000
34110000
34100000
341400ff
341300ff
34120000
201300aa
20100055
20140aa0
20110001
20090001
200a0000
00138900
12910005
34140000
34130000
34120000
34110000
34100000
341400ff
341300ff
34120000
201300aa
20100055
201400ff
20110001
20090001
200a0000
02138826
20130001
12340005
34140000
34130000
34120000
34110000
34100000
341400ff
341300ff
34120000
201300aa
20100055
20140aa0
20110001
20090001
200a0000
00138900
20130001
12910005
34140000
34130000
34120000
34110000
34100000
341400ff
341300ff
34120000
20130000
20100000
20140000
20110000
20090001
200a0000
8e510000
02339020
34120000
20130000
20100000
20140000
20110000
20090001
200a0000
8e510000
0274a022
02339020
34120000
20130000
20100000
20140000
20110000
20090001
200a0000
8e510000
02719020
34120000
20130000
20100000
20140000
20110000
20090001
200a0000
8e510000
0274a022
02719020
34120000
20130000
20100000
20140000
20110000
20090001
200a0000
8e510000
ae510004
20090001
20090001
20090001
8e530004
34120000
20130000
20100000
20140000
2011000f
20090001
200a0000
ae51000c
8e52000c
34120000
20130000
20100000
20140000
2011000f
20090001
200a0000
8e510000
12340002
34140021
34130021
341400ff
341300ff
34120000
20130000
20100000
20140064
20110000
20090064
200a0000
8e510000
12910002
341400ff
341300ff
34140022
34130022
34120000
20130000
20100000
20140064
20110000
20090001
200a0000
8e510000
0254b020
12340002
341400ff
341300ff
34140023
34130023
34120000
20130000
20100000
20140064
20110000
20090001
200a0000
8e510000
02739820
12910002
341400ff
341300ff
34140024
34130024
34120000
20130000
20100000
20140064
20110000
20090001
200a0000
8e510000
3a9000ff
02549820
12340002
341400ff
341300ff
34140025
34130025
34120000
20130000
20100000
20140064
20110000
20090001
200a0000
8e510000
329000ff
02549820
12910002
341400ff
341300ff
34140026
34130026
34120000
20130000
20100000
20140064
20110000
20090001
200a0000
8e510000
329000ff
12300002
341400ff
341300ff
34140027
34130027
34120000
20130000
20100000
20140064
20110000
20090001
200a0000
8e510000
329000ff
012a4020
12300002
341400ff
341300ff
34140028
34130028
34120000
20130000
20100000
20140064
20110000
20090001
200a0000
8e510000
329000ff
012a4020
012a5826
12300002
341400ff
341300ff
34140029
34130029
34120000
20130000
20100000
20140064
20110000
20090001
200a0000
0800016c
341400ff
341300ff
34140030
34130030
34120000
20130000
20100000
20140064
20110000
20090001
200a0000
0c000179
341400ff
341300ff
0800017a
03e00008
0800017a
